1569579639 15114
1569580418 15102
1570009111 15222
1570172536 15222
1570172580 15427
1570218897 25295
1570600698 25924
1570602172 25924
1570602233 25924
1570602244 25924
1570604193 25747
1570685896 27698
1570773535 27719
1570778519 30248
1570971530 30591
1571029438 30630
1571034030 30899
1571037144 30887
1571047976 30892
1571068782 30893
1571068895 30939
1571069131 30934
1571069802 30915
1571072022 30918
1571075113 30901
1571076117 30907
1571078837 30916
1571090272 30859
1571090815 30872
1571092001 31155
1571166900 31208
1571177845 31314
1571202659 31320
1571214514 31347
1571214521 31454
1571215739 31354
1571216400 31421
1571217316 31479
1571218301 31486
1571218697 31486
1571220346 31492
1571224832 31510
1571237749 31610
1571243269 31772
1571243739 32066
1571244801 32066
1571293784 32101
1571301290 32129
1571301472 32168
1571305014 32129
1571311075 32218
1571311101 32222
1571314626 32225
1571315062 32252
1571328351 32291
1571331329 32304
1571354208 32282
1571354481 32509
1571356327 32521
1571370260 32530
1571503817 32988
1571516433 34058
1571522918 34307
1571635485 34359
1571643075 34501
1571645158 34528
1571654284 34897
1571734624 35130
1571822279 35268
1571823406 35518
1571851743 35815
1571853664 36119
1571893298 36372
1571898296 36394
1571903518 36397
1571903588 36402
1571915471 36402
1571916699 36130
1571919986 36141
1571920919 36183
1571937787 36187
1572202533 41887
1572210452 41902
1572242882 41929
1572253303 42068
1572260580 42674
1572340482 42955
1572348481 42978
1572414376 46969
1572495647 47151
1572601748 47221
1572847174 47119
1572852040 47139
1572858439 47081
1572868437 48051
1572868538 48087
1573114462 48167
1573116063 48177
1573119139 48127
1573119247 48329
1573120809 48337
1573125020 31067
1573125305 31080
1573632322 31268
1573632438 31557
1573636132 31688
1573642787 31695
1573645653 31770
1573809380 31722
1573812120 31806
1573817208 31834
1574058147 32089
1574063980 32101
1574069304 32165
1574071276 32179
1574072520 32157
1574073132 32169
1574159436 32300
1574247715 32464
1574267285 32617
1574409258 32763
1574671471 31436
1574737609 31376
1574795542 31898
1575004212 32125
1575012748 32112
1575012813 32096
1575089888 32121
1575347288 32328
1575404275 33608
1575442263 33876
1575624141 34428
1575881354 34590
1575947305 34969
1576044962 35411
1576133998 35525
1576219253 36109
1576572960 42426
1576609730 45601
1577200152 45387
1577244806 45952
1577249131 45959
1577252827 45973
1578547173 46128
1579621095 46158
1579621143 46144
1587727728 46145
1588157131 46009
1588412551 46158
1588488348 46371
1588498040 46424
1588530063 46534
1588604302 46717
1588649258 46344
1588819648 46717
